
0720 05
0500 00 00 00 00 48 02 44 02
0581 00 00 00 00 00 00 00 00
0580 4E 49 55 00 00 00 00 00
0500 00 00 00 00 48 02 44 02
0581 00 00 00 00 00 00 00 00
0501 07 05 8C 00 FF FF 00 00
0500 00 00 00 00 48 02 44 02
0581 00 00 00 00 00 00 00 00
0720 05
0501 07 05 8C 00 FF FF 00 00
0500 00 00 00 00 48 02 44 02
0581 00 00 00 00 00 00 00 00
0501 07 05 8C 00 FF FF 00 00
0500 00 00 00 00 48 02 44 02
0581 00 00 00 00 00 00 00 00
0501 07 05 8C 00 FF FF 00 00
0500 00 00 00 00 48 02 44 02
0581 00 00 00 00 00 00 00 00
0501 07 05 8C 00 FF FF 00 00
0500 00 00 00 00 48 02 44 02
0581 00 00 00 00 00 00 00 00
0501 07 05 8C 00 FF FF 00 00
0720 05
0500 00 00 00 00 48 02 44 02
0581 00 00 00 00 00 00 00 00
0501 07 05 8C 00 FF FF 00 00
0500 00 00 00 00 48 02 44 02
0581 00 00 00 00 00 00 00 00
0501 07 05 8C 00 FF FF 00 00
0500 00 00 00 00 48 02 44 02
0581 00 00 00 00 00 00 00 00
0501 07 05 8C 00 FF FF 00 00
0500 00 00 00 00 48 02 44 02
0581 00 00 00 00 00 00 00 00
0501 07 05 8C 00 FF FF 00 00
0500 00 00 00 00 48 02 44 02
0581 00 00 00 00 00 00 00 00
0501 07 05 8C 00 FF FF 00 00
0080
0720 05
01A0 02 FF FF 1A 1B 05 F2 01
0500 00 00 00 00 48 02 44 02
0581 00 00 00 00 00 00 00 00
0501 07 05 8C 00 FF FF 00 00
0500 00 00 00 00 48 02 44 02
0581 00 00 00 00 00 00 00 00
0501 07 05 8C 00 FF FF 00 00
0500 00 00 00 00 48 02 44 02
0581 00 00 00 00 00 00 00 00
0501 07 05 8C 00 FF FF 00 00
0500 00 00 00 00 48 02 44 02
0581 00 00 00 00 00 00 00 00
0501 07 05 8C 00 FF FF 00 00
0500 00 00 00 00 48 02 44 02
0581 00 00 00 00 00 00 00 00
0501 07 05 8C 00 FF FF 00 00
0720 05
0500 00 00 00 00 48 02 44 02
0581 00 00 00 00 00 00 00 00
0501 07 05 8C 00 FF FF 00 00
0500 00 00 00 00 48 02 44 02
0581 00 00 00 00 00 00 00 00
0501 07 05 8C 00 FF FF 00 00
0500 00 00 00 00 48 02 44 02
0581 00 00 00 00 00 00 00 00
0501 07 05 8C 00 FF FF 00 00
0500 00 00 00 00 48 02 44 02
0581 00 00 00 00 00 00 00 00
0501 07 05 8C 00 FF FF 00 00
0500 00 00 00 00 48 02 44 02
0581 00 00 00 00 00 00 00 00
0720 05
0501 07 05 8C 00 FF FF 00 00
0500 00 00 00 00 48 02 44 02
0581 00 00 00 00 00 00 00 00
0501 07 05 8C 00 FF FF 00 00
0500 00 00 00 00 48 02 44 02
0581 00 00 00 00 00 00 00 00
0501 07 05 8C 00 FF FF 00 00
0500 00 00 00 00 48 02 44 02
0581 00 00 00 00 00 00 00 00
0501 07 05 8C 00 FF FF 00 00
0500 00 00 00 00 48 02 44 02
0581 00 00 00 00 00 00 00 00
0501 07 05 8C 00 FF FF 00 00
0720 05
0500 00 00 00 00 48 02 44 02
0581 00 00 00 00 00 00 00 00
0501 07 05 8C 00 FF FF 00 00
0500 00 00 00 00 48 02 44 02
0581 00 00 00 00 00 00 00 00
0501 07 05 8C 00 FF FF 00 00
0500 00 00 00 00 48 02 44 02
0581 00 00 00 00 00 00 00 00
0501 07 05 8C 00 FF FF 00 00
0500 00 00 00 00 48 02 44 02
0581 00 00 00 00 00 00 00 00
0501 07 05 8C 00 FF FF 00 00
0500 00 00 00 00 48 02 44 02
0581 00 00 00 00 00 00 00 00
0501 07 05 8C 00 FF FF 00 00
0080
0720 05
01A0 02 FF FF 1A 1B 05 F2 01
0500 00 00 00 00 48 02 44 02
0581 00 00 00 00 00 00 00 00
0501 07 05 8C 00 FF FF 00 00
0500 00 00 00 00 48 02 44 02
0581 00 00 00 00 00 00 00 00
0501 07 05 8C 00 FF FF 00 00
0500 00 00 00 00 48 02 44 02
0581 00 00 00 00 00 00 00 00
0501 07 05 8C 00 FF FF 00 00
0500 00 00 00 00 48 02 44 02
0581 00 00 00 00 00 00 00 00
0501 07 05 8C 00 FF FF 00 00
0500 00 00 00 00 48 02 44 02
0581 00 00 00 00 00 00 00 00
0501 07 05 8C 00 FF FF 00 00
0720 05
0500 00 00 00 00 48 02 44 02
0581 00 00 00 00 00 00 00 00
0501 07 05 8C 00 FF FF 00 00
0500 00 00 00 00 48 02 44 02
0581 00 00 00 00 00 00 00 00
0501 07 05 8C 00 FF FF 00 00
0500 00 00 00 00 48 02 44 02
0581 00 00 00 00 00 00 00 00
0501 07 05 8C 00 FF FF 00 00
0500 00 00 00 00 48 02 44 02
0580 4E 49 55 00 00 00 00 00
0581 00 00 00 00 00 00 00 00
0501 07 05 8C 00 FF FF 00 00
0500 00 00 00 00 48 02 44 02
0581 00 00 00 00 00 00 00 00
0501 07 05 8C 00 FF FF 00 00
0080
0720 05
01A0 02 FF FF 1A 1B 05 F2 01
0500 00 00 00 00 48 02 44 02
0581 00 00 00 00 00 00 00 00
0501 07 05 8C 00 FF FF 00 00
0500 00 00 00 00 48 02 44 02
0581 00 00 00 00 00 00 00 00
0501 07 05 8C 00 FF FF 00 00
0500 00 00 00 00 48 02 44 02
0581 00 00 00 00 00 00 00 00
0501 07 05 8C 00 FF FF 00 00
0500 00 00 00 00 48 02 44 02
0581 00 00 00 00 00 00 00 00
0501 07 05 8C 00 FF FF 00 00
0500 00 00 00 00 48 02 44 02
0581 00 00 00 00 00 00 00 00
0720 05
0501 07 05 8C 00 FF FF 00 00
0500 00 00 00 00 48 02 44 02
0581 00 00 00 00 00 00 00 00
0501 07 05 8C 00 FF FF 00 00
0500 00 00 00 00 48 02 44 02
0581 00 00 00 00 00 00 00 00
0501 07 05 8C 00 FF FF 00 00
0500 00 00 00 00 48 02 44 02
0581 00 00 00 00 00 00 00 00
0501 07 05 8C 00 FF FF 00 00
0500 00 00 00 00 48 02 44 02
0581 00 00 00 00 00 00 00 00
0501 07 05 8C 00 FF FF 00 00
0080
0720 05
0581 00 00 00 00 00 00 00 00
01A0 02 FF FF 1A 1B 05 F2 01
0500 00 00 00 00 48 02 44 02
0581 00 00 00 00 00 00 00 00
0501 07 05 8C 00 FF FF 00 00
0500 00 00 00 00 48 02 44 02
0581 00 00 00 00 00 00 00 00
0501 07 05 8C 00 FF FF 00 00
0500 00 00 00 00 48 02 44 02
0502 00
0581 00 00 00 00 00 00 00 00
0501 07 05 8C 00 FF FF 00 00
0500 00 00 00 00 48 02 44 02
0581 00 00 00 00 00 00 00 00
0501 07 05 8C 00 FF FF 00 00
0720 05
0500 00 00 00 00 48 02 44 02
0581 00 00 00 00 00 00 00 00
0501 07 05 8C 00 FF FF 00 00
0500 00 00 00 00 48 02 44 02
0581 00 00 00 00 00 00 00 00
0501 07 05 8C 00 FF FF 00 00
0500 00 00 00 00 48 02 44 02
0581 00 00 00 00 00 00 00 00
0501 07 05 8C 00 FF FF 00 00
0500 00 00 00 00 48 02 44 02
0581 00 00 00 00 00 00 00 00
0501 07 05 8C 00 FF FF 00 00
0500 00 00 00 00 48 02 44 02
0581 00 00 00 00 00 00 00 00
0501 07 05 8C 00 FF FF 00 00
0080
0720 05
01A0 02 FF FF 1A 1B 05 F2 01
0500 00 00 00 00 48 02 44 02
0580 4E 49 55 00 00 00 00 00
0581 00 00 00 00 00 00 00 00
0501 07 05 8C 00 FF FF 00 00
0500 00 00 00 00 48 02 44 02
0581 00 00 00 00 00 00 00 00
0501 07 05 8C 00 FF FF 00 00
0500 00 00 00 00 48 02 44 02
0581 00 00 00 00 00 00 00 00
0501 07 05 8C 00 FF FF 00 00
0500 00 00 00 00 48 02 44 02
0581 00 00 00 00 00 00 00 00
0501 07 05 8C 00 FF FF 00 00
0500 00 00 00 00 48 02 44 02
0581 00 00 00 00 00 00 00 00
0720 05
0501 07 05 8C 00 FF FF 00 00
0500 00 00 00 00 48 02 44 02
0581 00 00 00 00 00 00 00 00
0501 07 05 8C 00 FF FF 00 00
0500 00 00 00 00 48 02 44 02
0581 00 00 00 00 00 00 00 00
0501 07 05 8C 00 FF FF 00 00
0500 00 00 00 00 48 02 44 02
0581 00 00 00 00 00 00 00 00
0501 07 05 8C 00 FF FF 00 00
0500 00 00 00 00 48 02 44 02
0581 00 00 00 00 00 00 00 00
0501 07 05 8C 00 FF FF 00 00
0500 00 00 00 00 48 02 44 02
0581 00 00 00 00 00 00 00 00
0720 05
0501 07 05 8C 00 FF FF 00 00
0500 00 00 00 00 48 02 44 02
0581 00 00 00 00 00 00 00 00
0501 07 05 8C 00 FF FF 00 00
0500 00 00 00 00 48 02 44 02
0581 00 00 00 00 00 00 00 00
0501 07 05 8C 00 FF FF 00 00
0500 00 00 00 00 48 02 44 02
0581 00 00 00 00 00 00 00 00
0501 07 05 8C 00 FF FF 00 00
0500 00 00 00 00 48 02 44 02
0581 00 00 00 00 00 00 00 00
0501 07 05 8C 00 FF FF 00 00
0720 05
0500 00 00 00 00 48 02 44 02
0581 00 00 00 00 00 00 00 00
0501 07 05 8C 00 FF FF 00 00
0500 00 00 00 00 48 02 44 02
0581 00 00 00 00 00 00 00 00
0501 07 05 8C 00 FF FF 00 00
0500 00 00 00 00 48 02 44 02
0581 00 00 00 00 00 00 00 00
0501 07 05 8C 00 FF FF 00 00
0500 00 00 00 00 48 02 44 02
0581 00 00 00 00 00 00 00 00
0501 07 05 8C 00 FF FF 00 00
0500 00 00 00 00 48 02 44 02
0581 00 00 00 00 00 00 00 00
0501 07 05 8C 00 FF FF 00 00
0080
0720 05
01A0 02 FF FF 1A 1B 05 F2 01
0500 00 00 00 00 48 02 44 02
0581 00 00 00 00 00 00 00 00
0501 07 05 8C 00 FF FF 00 00
0500 00 00 00 00 48 02 44 02
0581 00 00 00 00 00 00 00 00
0501 07 05 8C 00 FF FF 00 00
0500 00 00 00 00 48 02 44 02
0581 00 00 00 00 00 00 00 00
0501 07 05 8C 00 FF FF 00 00
0500 00 00 00 00 48 02 44 02
0581 00 00 00 00 00 00 00 00
0501 07 05 8C 00 FF FF 00 00
0500 00 00 00 00 48 02 44 02
0581 00 00 00 00 00 00 00 00
0501 07 05 8C 00 FF FF 00 00
0720 05
0500 00 00 00 00 48 02 44 02
0581 00 00 00 00 00 00 00 00
0501 07 05 8C 00 FF FF 00 00
0500 00 00 00 00 48 02 44 02
0581 00 00 00 00 00 00 00 00
0501 07 05 8C 00 FF FF 00 00
0500 00 00 00 00 48 02 44 02
0581 00 00 00 00 00 00 00 00
0501 07 05 8C 00 FF FF 00 00
0500 00 00 00 00 48 02 44 02
0501 07 05 8C 00 FF FF 00 00
0581 00 00 00 00 00 00 00 00
0502 00
0500 00 00 00 00 48 02 44 02
0581 00 00 00 00 00 00 00 00
0501 07 05 8C 00 FF FF 00 00
0080
0720 05
01A0 02 FF FF 1A 1B 05 F2 01
0500 00 00 00 00 48 02 44 02
0581 00 00 00 00 00 00 00 00
0501 07 05 8C 00 FF FF 00 00
0500 00 00 00 00 48 02 44 02
0502 00
0581 00 00 00 00 00 00 00 00
0501 07 05 8C 00 FF FF 00 00
0500 00 00 00 00 48 02 44 02
0501 07 05 8C 00 FF FF 00 00
0581 00 00 00 00 00 00 00 00
0502 00
0500 00 00 00 00 48 02 44 02
0581 00 00 00 00 00 00 00 00
0501 07 05 8C 00 FF FF 00 00
0500 00 00 00 00 48 02 44 02
0581 00 00 00 00 00 00 00 00
0720 05
0501 07 05 8C 00 FF FF 00 00
0500 00 00 00 00 48 02 44 02
0581 00 00 00 00 00 00 00 00
0501 07 05 8C 00 FF FF 00 00
0500 00 00 00 00 48 02 44 02
0581 00 00 00 00 00 00 00 00
0501 07 05 8C 00 FF FF 00 00
0500 00 00 00 00 48 02 44 02
0581 00 00 00 00 00 00 00 00
0501 07 05 8C 00 FF FF 00 00
0500 00 00 00 00 48 02 44 02
0581 00 00 00 00 00 00 00 00
0501 07 05 8C 00 FF FF 00 00
0080
0720 05
0500 00 00 00 00 48 02 44 02
0581 00 00 00 00 00 00 00 00
01A0 02 FF FF 1A 1B 05 F2 01
0500 00 00 00 00 48 02 44 02
0501 07 05 8C 00 FF FF 00 00
0581 00 00 00 00 00 00 00 00
0502 00
0500 00 00 00 00 48 02 44 02
0501 07 05 8C 00 FF FF 00 00
0581 00 00 00 00 00 00 00 00
0502 00
0500 00 00 00 00 48 02 44 02
0501 07 05 8C 00 FF FF 00 00
0581 00 00 00 00 00 00 00 00
0502 00
0500 00 00 00 00 48 02 44 02
0501 07 05 8C 00 FF FF 00 00
0581 00 00 00 00 00 00 00 00
0502 00
0720 05
0500 00 00 00 00 48 02 44 02
0581 00 00 00 00 00 00 00 00
0501 07 05 8C 00 FF FF 00 00
0500 00 00 00 00 48 02 44 02
0581 00 00 00 00 00 00 00 00
0501 07 05 8C 00 FF FF 00 00
0500 00 00 00 00 48 02 44 02
0581 00 00 00 00 00 00 00 00
0501 07 05 8C 00 FF FF 00 00
0500 00 00 00 00 48 02 44 02
0581 00 00 00 00 00 00 00 00
0501 07 05 8C 00 FF FF 00 00
0500 00 00 00 00 48 02 44 02
0581 00 00 00 00 00 00 00 00
0501 07 05 8C 00 FF FF 00 00
0080
0720 05
01A0 02 FF FF 1A 1B 05 F2 01
0500 00 00 00 00 48 02 44 02
0581 00 00 00 00 00 00 00 00
0501 07 05 8C 00 FF FF 00 00
0500 00 00 00 00 48 02 44 02
0581 00 00 00 00 00 00 00 00
0501 07 05 8C 00 FF FF 00 00
0500 00 00 00 00 48 02 44 02
0581 00 00 00 00 00 00 00 00
0501 07 05 8C 00 FF FF 00 00
0500 00 00 00 00 48 02 44 02
0581 00 00 00 00 00 00 00 00
0501 07 05 8C 00 FF FF 00 00
0500 00 00 00 00 48 02 44 02
0581 00 00 00 00 00 00 00 00
0720 05
0501 07 05 8C 00 FF FF 00 00
0500 00 00 00 00 48 02 44 02
0501 07 05 8C 00 FF FF 00 00
0581 00 00 00 00 00 00 00 00
0502 00
0500 00 00 00 00 48 02 44 02
0581 00 00 00 00 00 00 00 00
0501 07 05 8C 00 FF FF 00 00
0500 00 00 00 00 48 02 44 02
0581 00 00 00 00 00 00 00 00
0501 07 05 8C 00 FF FF 00 00
0500 00 00 00 00 48 02 44 02
0501 07 05 8C 00 FF FF 00 00
0581 00 00 00 00 00 00 00 00
0502 00
0080
02A0 2C 00 C0 03 00 40 00 00
0581 00 00 00 00 00 00 00 00
01A0 02 FF FF 1A 1B 05 F2 01
0500 00 00 00 00 48 02 44 02
0581 00 00 00 00 00 00 00 00
0501 07 05 8C 00 FF FF 00 00
0500 00 00 00 00 48 02 44 02
0581 00 00 00 00 00 00 00 00
0501 07 05 8C 00 FF FF 00 00
0500 00 00 00 00 48 02 44 02
0581 00 00 00 00 00 00 00 00
0501 07 05 8C 00 FF FF 00 00
0500 00 00 00 00 48 02 44 02
0581 00 00 00 00 00 00 00 00
0501 07 05 8C 00 FF FF 00 00
0720 05
0500 00 00 00 00 48 02 44 02
0581 00 00 00 00 00 00 00 00
0501 07 05 8C 00 FF FF 00 00
0500 00 00 00 00 48 02 44 02
0581 00 00 00 00 00 00 00 00
0501 07 05 8C 00 FF FF 00 00
0500 00 00 00 00 48 02 44 02
0581 00 00 00 00 00 00 00 00
0501 07 05 8C 00 FF FF 00 00
0500 00 00 00 00 48 02 44 02
0581 00 00 00 00 00 00 00 00
0501 07 05 8C 00 FF FF 00 00
0500 00 00 00 00 48 02 44 02
0581 00 00 00 00 00 00 00 00
0501 07 05 8C 00 FF FF 00 00
0080
02A0 2C 00 C0 03 00 40 00 00
0720 05
01A0 02 FF FF 1A 1B 05 F2 01
0500 00 00 00 00 48 02 44 02
0501 07 05 8C 00 FF FF 00 00
0581 00 00 00 00 00 00 00 00
0502 00
0500 00 00 00 00 48 02 44 02
0581 00 00 00 00 00 00 00 00
0501 07 05 8C 00 FF FF 00 00
0500 00 00 00 00 48 02 44 02
0581 00 00 00 00 00 00 00 00
0501 07 05 8C 00 FF FF 00 00
0500 00 00 00 00 48 02 44 02
0501 07 05 8C 00 FF FF 00 00
0581 00 00 00 00 00 00 00 00
0502 00
0500 00 00 00 00 48 02 44 02
0581 00 00 00 00 00 00 00 00
0501 07 05 8C 00 FF FF 00 00
0720 05
0500 00 00 00 00 48 02 44 02
0581 00 00 00 00 00 00 00 00
0501 07 05 8C 00 FF FF 00 00
0500 00 00 00 00 48 02 44 02
0581 00 00 00 00 00 00 00 00
0501 07 05 8C 00 FF FF 00 00
0500 00 00 00 00 48 02 44 02
0581 00 00 00 00 00 00 00 00
0501 07 05 8C 00 FF FF 00 00
0500 00 00 00 00 48 02 44 02
0581 00 00 00 00 00 00 00 00
0501 07 05 8C 00 FF FF 00 00
0500 00 00 00 00 48 02 44 02
0581 00 00 00 00 00 00 00 00
0720 05
0501 07 05 8C 00 FF FF 00 00
0500 00 00 00 00 48 02 44 02
0581 00 00 00 00 00 00 00 00
0501 07 05 8C 00 FF FF 00 00
0500 00 00 00 00 48 02 44 02
0502 00
0581 00 00 00 00 00 00 00 00
0501 07 05 8C 00 FF FF 00 00
0500 00 00 00 00 48 02 44 02
0581 00 00 00 00 00 00 00 00
0501 07 05 8C 00 FF FF 00 00
0500 00 00 00 00 48 02 44 02
0502 00
0581 00 00 00 00 00 00 00 00
0501 07 05 8C 00 FF FF 00 00
0720 05
0500 00 00 00 00 48 02 44 02
0581 00 00 00 00 00 00 00 00
0501 07 05 8C 00 FF FF 00 00
0500 00 00 00 00 48 02 44 02
0581 00 00 00 00 00 00 00 00
0501 07 05 8C 00 FF FF 00 00
0500 00 00 00 00 48 02 44 02
0581 00 00 00 00 00 00 00 00
0501 07 05 8C 00 FF FF 00 00
0500 00 00 00 00 48 02 44 02
0581 00 00 00 00 00 00 00 00
0501 07 05 8C 00 FF FF 00 00
0500 00 00 00 00 48 02 44 02
0581 00 00 00 00 00 00 00 00
0501 07 05 8C 00 FF FF 00 00
0080
02A0 2C 00 C0 03 00 40 00 00
0720 05
01A0 02 FF FF 1A 1B 05 F2 01
0500 00 00 00 00 48 02 44 02
0581 00 00 00 00 00 00 00 00
0501 07 05 8C 00 FF FF 00 00
0500 00 00 00 00 48 02 44 02
0581 00 00 00 00 00 00 00 00
0501 07 05 8C 00 FF FF 00 00
0500 00 00 00 00 48 02 44 02
0581 00 00 00 00 00 00 00 00
0501 07 05 8C 00 FF FF 00 00
0500 00 00 00 00 48 02 44 02
0581 00 00 00 00 00 00 00 00
0501 07 05 8C 00 FF FF 00 00
0500 00 00 00 00 48 02 44 02
0581 00 00 00 00 00 00 00 00
0501 07 05 8C 00 FF FF 00 00
0720 05
0500 00 00 00 00 48 02 44 02
0581 00 00 00 00 00 00 00 00
0501 07 05 8C 00 FF FF 00 00
0500 00 00 00 00 48 02 44 02
0581 00 00 00 00 00 00 00 00
0501 07 05 8C 00 FF FF 00 00
0500 00 00 00 00 48 02 44 02
0581 00 00 00 00 00 00 00 00
0501 07 05 8C 00 FF FF 00 00
0500 00 00 00 00 48 02 44 02
0581 00 00 00 00 00 00 00 00
0501 07 05 8C 00 FF FF 00 00
0500 00 00 00 00 48 02 44 02
0581 00 00 00 00 00 00 00 00
0501 07 05 8C 00 FF FF 00 00
0080
0720 05
01A0 02 FF FF 1A 1B 05 F2 01
0500 00 00 00 00 48 02 44 02
0581 00 00 00 00 00 00 00 00
0501 07 05 8C 00 FF FF 00 00
0500 00 00 00 00 48 02 44 02
0581 00 00 00 00 00 00 00 00
0501 07 05 8C 00 FF FF 00 00
0500 00 00 00 00 48 02 44 02
0581 00 00 00 00 00 00 00 00
0501 07 05 8C 00 FF FF 00 00
0500 00 00 00 00 48 02 44 02
0581 00 00 00 00 00 00 00 00
0501 07 05 8C 00 FF FF 00 00
0500 00 00 00 00 48 02 44 02
0502 00
0720 05
0501 07 05 8C 00 FF FF 00 00
0500 00 00 00 00 48 02 44 02
0581 00 00 00 00 00 00 00 00
0501 07 05 8C 00 FF FF 00 00
0500 00 00 00 00 48 02 44 02
0581 00 00 00 00 00 00 00 00
0501 07 05 8C 00 FF FF 00 00
0500 00 00 00 00 48 02 44 02
0502 00
0581 00 00 00 00 00 00 00 00
0501 07 05 8C 00 FF FF 00 00
0500 00 00 00 00 48 02 44 02
0581 00 00 00 00 00 00 00 00
0501 07 05 8C 00 FF FF 00 00
0508 00 02 B0 04 FF FF B0 04
0510 00 FF 00 00 00 00 FF 00
0584 00 00 00 00 00 00 00 00
0581 00 00 00 00 00 00 00 00
0509 00 FF 00 00 00 00 FF 00
0508 00 02 B0 04 FF FF B0 04
0509 00 FF 00 00 00 00 FF 00
0584 00 00 00 00 00 00 00 00
0500 00 00 00 00 48 02 44 02
0581 00 00 00 00 00 00 00 00
0510 00 FF 00 00 00 00 FF 00
0508 00 02 B0 04 FF FF B0 04
0509 00 FF 00 00 00 00 FF 00
0584 00 00 00 00 00 00 00 00
0500 00 00 00 00 48 02 44 02
0581 00 00 00 00 00 00 00 00
0510 00 FF 00 00 00 00 FF 00
0508 00 02 B0 04 FF FF B0 04
0509 00 FF 00 00 00 00 FF 00
0584 00 00 00 00 00 00 00 00
0510 00 FF 00 00 00 00 FF 00
0500 00 00 00 00 48 02 44 02
0581 00 00 00 00 00 00 00 00
0501 07 05 8C 00 FF FF 00 00
0508 00 02 B0 04 FF FF B0 04
0509 00 FF 00 00 00 00 FF 00
0584 00 00 00 00 00 00 00 00
0500 00 00 00 00 48 02 44 02
0581 00 00 00 00 00 00 00 00
0510 00 FF 00 00 00 00 FF 00
0508 00 02 B0 04 FF FF B0 04
0509 00 FF 00 00 00 00 FF 00
0720 05
0584 00 00 00 00 00 00 00 00
0500 00 00 00 00 48 02 44 02
0581 00 00 00 00 00 00 00 00
0510 00 FF 00 00 00 00 FF 00
0508 00 02 B0 04 FF FF B0 04
0509 00 FF 00 00 00 00 FF 00
0584 00 00 00 00 00 00 00 00
0510 00 FF 00 00 00 00 FF 00
0500 00 00 00 00 48 02 44 02
0580 4E 49 55 00 00 00 00 00
0581 00 00 00 00 00 00 00 00
0501 07 05 8C 00 FF FF 00 00
0508 00 02 B0 04 FF FF B0 04
0510 00 FF 00 00 00 00 FF 00
0584 00 00 00 00 00 00 00 00
0509 00 FF 00 00 00 00 FF 00
0500 00 00 00 00 48 02 44 02
0581 00 00 00 00 00 00 00 00
0501 07 05 8C 00 FF FF 00 00
0508 00 02 B0 04 FF FF B0 04
0509 00 FF 00 00 00 00 FF 00
0584 00 00 00 00 00 00 00 00
0510 00 FF 00 00 00 00 FF 00
0500 00 00 00 00 48 02 44 02
0581 00 00 00 00 00 00 00 00
0501 07 05 8C 00 FF FF 00 00
0508 00 02 B0 04 FF FF B0 04
0509 00 FF 00 00 00 00 FF 00
0584 00 00 00 00 00 00 00 00
0510 00 FF 00 00 00 00 FF 00
0500 00 00 00 00 48 02 44 02
0581 00 00 00 00 00 00 00 00
0501 07 05 8C 00 FF FF 00 00
0508 00 02 B0 04 FF FF B0 04
0509 00 FF 00 00 00 00 FF 00
03A0 00 00 00 00 04 00 00 00
0584 00 00 00 00 00 00 00 00
0510 00 FF 00 00 00 00 FF 00
0500 00 00 00 00 48 02 44 02
0502 00
0581 00 00 00 00 00 00 00 00
0501 07 05 8C 00 FF FF 00 00
0508 00 02 B0 04 FF FF B0 04
0510 00 FF 00 00 00 00 FF 00
0584 00 00 00 00 00 00 00 00
0509 00 FF 00 00 00 00 FF 00
0500 00 00 00 00 48 02 44 02
0581 00 00 00 00 00 00 00 00
0501 07 05 8C 00 FF FF 00 00
0508 00 02 B0 04 FF FF B0 04
0509 00 FF 00 00 00 00 FF 00
0584 00 00 00 00 00 00 00 00
0510 00 FF 00 00 00 00 FF 00
0500 00 00 00 00 48 02 44 02
0581 00 00 00 00 00 00 00 00
0501 07 05 8C 00 FF FF 00 00
0508 00 02 B0 04 FF FF B0 04
0509 00 FF 00 00 00 00 FF 00
0584 00 00 00 00 00 00 00 00
0510 00 FF 00 00 00 00 FF 00
0500 00 00 00 00 48 02 44 02
0581 00 00 00 00 00 00 00 00
0501 07 05 8C 00 FF FF 00 00
0508 00 02 B0 04 FF FF B0 04
0509 00 FF 00 00 00 00 FF 00
0584 00 00 00 00 00 00 00 00
0510 00 FF 00 00 00 00 FF 00
0500 00 00 00 00 48 02 44 02
0581 00 00 00 00 00 00 00 00
0501 07 05 8C 00 FF FF 00 00
0508 00 02 B0 04 FF FF B0 04
0510 00 FF 00 00 00 00 FF 00
0584 00 00 00 00 00 00 00 00
0509 00 FF 00 00 00 00 FF 00
0500 00 00 00 00 48 02 44 02
0581 00 00 00 00 00 00 00 00
0508 00 02 B0 04 FF FF B0 04
0509 00 FF 00 00 00 00 FF 00
0510 00 FF 00 00 00 00 FF 00
0584 00 00 00 00 00 00 00 00
0501 07 05 8C 00 FF FF 00 00
0500 00 00 00 00 48 02 44 02
0581 00 00 00 00 00 00 00 00
0508 00 02 B0 04 FF FF B0 04
0509 00 FF 00 00 00 00 FF 00
0584 00 00 00 00 00 00 00 00
0501 07 05 8C 00 FF FF 00 00
0500 00 00 00 00 48 02 44 02
0581 00 00 00 00 00 00 00 00
0508 00 02 B0 04 FF FF B0 04
0509 00 FF 00 00 00 00 FF 00
0584 00 00 00 00 00 00 00 00
0501 07 05 8C 00 FF FF 00 00
0500 00 00 00 00 48 02 44 02
0581 00 00 00 00 00 00 00 00
0508 00 02 B0 04 FF FF B0 04
0509 00 FF 00 00 00 00 FF 00
0584 00 00 00 00 00 00 00 00
0501 07 05 8C 00 FF FF 00 00
0500 00 00 00 00 48 02 44 02
0581 00 00 00 00 00 00 00 00
0509 00 FF 00 00 00 00 FF 00
0584 00 00 00 00 00 00 00 00
0501 07 05 8C 00 FF FF 00 00
0500 00 00 00 00 48 02 44 02
0508 00 02 B0 04 FF FF B0 04
0510 00 FF 00 00 00 00 FF 00
0584 00 00 00 00 00 00 00 00
0501 07 05 8C 00 FF FF 00 00
0508 00 02 B0 04 FF FF B0 04
0509 00 FF 00 00 00 00 FF 00
0584 00 00 00 00 00 00 00 00
0500 00 00 00 00 48 02 44 02
0508 00 02 B0 04 FF FF B0 04
0509 00 FF 00 00 00 00 FF 00
0510 00 FF 00 00 00 00 FF 00
0584 00 00 00 00 00 00 00 00
0500 00 00 00 00 48 02 44 02
0508 00 02 B0 04 FF FF B0 04
0509 00 FF 00 00 00 00 FF 00
0510 00 FF 00 00 00 00 FF 00
0584 00 00 00 00 00 00 00 00
0500 00 00 00 00 48 02 44 02
0508 00 02 B0 04 FF FF B0 04
0509 00 FF 00 00 00 00 FF 00
0720 05
0584 00 00 00 00 00 00 00 00
0510 00 FF 00 00 00 00 FF 00
0508 00 02 B0 04 FF FF B0 04
0510 00 FF 00 00 00 00 FF 00
0581 00 00 00 00 00 00 00 00
0509 00 FF 00 00 00 00 FF 00
0508 00 02 B0 04 FF FF B0 04
0509 00 FF 00 00 00 00 FF 00
0584 00 00 00 00 00 00 00 00
0581 00 00 00 00 00 00 00 00
0510 00 FF 00 00 00 00 FF 00
0508 00 02 B0 04 FF FF B0 04
0510 00 FF 00 00 00 00 FF 00
0584 00 00 00 00 00 00 00 00
0581 00 00 00 00 00 00 00 00
0509 00 FF 00 00 00 00 FF 00
0508 00 02 B0 04 FF FF B0 04
0509 00 FF 00 00 00 00 FF 00
0584 00 00 00 00 00 00 00 00
0500 00 00 00 00 48 02 44 02
0581 00 00 00 00 00 00 00 00
0510 00 FF 00 00 00 00 FF 00
0508 00 02 B0 04 FF FF B0 04
0509 00 FF 00 00 00 00 FF 00
0584 00 00 00 00 00 00 00 00
0510 00 FF 00 00 00 00 FF 00
0500 00 00 00 00 48 02 44 02
0581 00 00 00 00 00 00 00 00
0501 07 05 8C 00 FF FF 00 00
0508 00 04 B0 04 FF FF B0 04
0510 00 FF 00 00 00 00 FF 00
0584 00 00 00 00 00 00 00 00
0509 00 FF 00 00 00 00 FF 00
0500 00 01 00 00 48 02 44 02
0581 00 00 00 00 00 00 00 00
0501 07 05 8C 00 FF FF 00 00
0508 00 04 B0 04 FF FF B0 04
0509 00 FF 00 00 00 00 FF 00
0584 00 00 00 00 00 00 00 00
0510 00 FF 00 00 00 00 FF 00
0500 00 01 00 00 48 02 44 02
0581 00 00 00 00 00 00 00 00
0501 07 05 8C 00 FF FF 00 00
0508 00 04 B0 04 FF FF B0 04
0509 00 FF 00 00 00 00 FF 00
0584 00 00 00 00 00 00 00 00
0510 00 FF 00 00 00 00 FF 00
0500 00 01 00 00 48 02 44 02
0581 00 00 00 00 00 00 00 00
0501 07 05 8C 00 FF FF 00 00
0508 00 04 B0 04 FF FF B0 04
0510 00 FF 00 00 00 00 FF 00
0584 00 00 00 00 00 00 00 00
0509 00 FF 00 00 00 00 FF 00
0500 00 01 00 00 48 02 44 02
0581 00 00 00 00 00 00 00 00
0501 07 05 8C 00 FF FF 00 00
0508 00 04 B0 04 FF FF B0 04
0509 00 FF 00 00 00 00 FF 00
0720 05
0584 00 00 00 00 00 00 00 00
0510 00 FF 00 00 00 00 FF 00
0500 00 01 00 00 48 02 44 02
0581 00 00 00 00 00 00 00 00
0501 07 05 8C 00 FF FF 00 00
0508 00 04 B0 04 FF FF B0 04
0509 00 FF 00 00 00 00 FF 00
0584 00 00 00 00 00 00 00 00
0510 00 FF 00 00 00 00 FF 00
0500 00 01 00 00 48 02 44 02
0581 00 00 00 00 00 00 00 00
0501 07 05 8C 00 FF FF 00 00
0508 00 04 B0 04 FF FF B0 04
0509 00 FF 00 00 00 00 FF 00
0584 00 00 00 00 00 00 00 00
0510 00 FF 00 00 00 00 FF 00
0500 00 01 00 00 48 02 44 02
0581 00 00 00 00 00 00 00 00
0501 07 05 8C 00 FF FF 00 00
0508 00 04 B0 04 FF FF B0 04
0509 00 FF 00 00 00 00 FF 00
0584 00 00 00 00 00 00 00 00
0510 00 FF 00 00 00 00 FF 00
0500 00 01 00 00 48 02 44 02
0581 00 00 00 00 00 00 00 00
0501 07 05 8C 00 FF FF 00 00
0508 00 04 B0 04 FF FF B0 04
0509 00 FF 00 00 00 00 FF 00
0584 00 00 00 00 00 00 00 00
0510 00 FF 00 00 00 00 FF 00
0500 00 01 00 00 48 02 44 02
0581 00 00 00 00 00 00 00 00
0501 07 05 8C 00 FF FF 00 00
0508 00 04 B0 04 FF FF B0 04
0510 00 FF 00 00 00 00 FF 00
0584 00 00 00 00 00 00 00 00
0509 00 FF 00 00 00 00 FF 00
0500 00 01 00 00 48 02 44 02
0502 00
0581 00 00 00 00 00 00 00 00
0508 00 04 B0 04 E8 03 B0 04
0510 00 FF 00 00 00 00 FF 00
0584 00 00 00 00 00 00 00 00
0501 07 05 8C 00 FF FF 00 00
0500 00 01 00 00 48 02 44 02
0581 00 00 00 00 00 00 00 00
0508 00 04 B0 04 E8 03 B0 04
0509 00 FF 00 00 00 00 FF 00
0584 00 00 00 00 00 00 00 00
0501 07 05 8C 00 FF FF 00 00
0500 00 01 00 00 48 02 44 02
0581 00 00 00 00 00 00 00 00
0508 00 04 B0 04 E8 03 B0 04
0510 00 FF 00 00 00 00 FF 00
0584 00 00 00 00 00 00 00 00
0501 07 05 8C 00 FF FF 00 00
0500 00 01 00 00 48 02 44 02
0581 00 00 00 00 00 00 00 00
0509 00 FF 00 00 00 00 FF 00
0584 00 00 00 00 00 00 00 00
0501 07 05 8C 00 FF FF 00 00
0500 00 01 00 00 48 02 44 02
0581 00 00 00 00 00 00 00 00
0509 00 FF 00 00 00 00 FF 00
0584 00 00 00 00 00 00 00 00
0501 07 05 8C 00 FF FF 00 00
0508 00 04 B0 04 E8 03 B0 04
0581 00 00 00 00 00 00 00 00
0584 00 00 00 00 00 00 00 00
0500 00 01 00 00 48 02 44 02
0508 00 04 B0 04 E8 03 B0 04
0509 00 FF 00 00 00 00 FF 00
0510 00 FF 00 00 00 00 FF 00
0584 00 00 00 00 00 00 00 00
0500 00 01 00 00 48 02 44 02
0508 00 04 B0 04 E8 03 B0 04
0509 00 FF 00 00 00 00 FF 00
0510 00 FF 00 00 00 00 FF 00
0584 00 00 00 00 00 00 00 00
0500 00 01 00 00 48 02 44 02
0508 00 04 B0 04 E8 03 B0 04
0509 00 FF 00 00 00 00 FF 00
0584 00 00 00 00 00 00 00 00
0500 00 01 00 00 48 02 44 02
0508 00 04 B0 04 E8 03 B0 04
0509 00 FF 00 00 00 00 FF 00
0584 00 00 00 00 00 00 00 00
0510 00 FF 00 00 00 00 FF 00
0508 00 04 B0 04 E8 03 B0 04
0509 00 FF 00 00 00 00 FF 00
0584 00 00 00 00 00 00 00 00
0581 00 00 00 00 00 00 00 00
0510 00 FF 00 00 00 00 FF 00
0508 00 04 B0 04 E8 03 B0 04
0509 00 FF 00 00 00 00 FF 00
0584 00 00 00 00 00 00 00 00
0581 00 00 00 00 00 00 00 00
0510 00 FF 00 00 00 00 FF 00
0508 00 04 B0 04 E8 03 B0 04
0509 00 FF 00 00 00 00 FF 00
0584 00 00 00 00 00 00 00 00
0581 00 00 00 00 00 00 00 00
0510 00 FF 00 00 00 00 FF 00
0508 00 04 B0 04 E8 03 B0 04
0509 00 FF 00 00 00 00 FF 00
0584 00 00 00 00 00 00 00 00
0581 00 00 00 00 00 00 00 00
0510 00 FF 00 00 00 00 FF 00
0508 00 04 B0 04 E8 03 B0 04
0509 00 FF 00 00 00 00 FF 00
0720 05
0584 00 00 00 00 00 00 00 00
0581 00 00 00 00 00 00 00 00
0510 00 FF 00 00 00 00 FF 00
0508 00 04 B0 04 E8 03 B0 04
0510 00 FF 00 00 00 00 FF 00
0584 00 00 00 00 00 00 00 00
0500 00 01 00 00 48 02 44 02
0580 4E 49 55 00 00 00 00 00
0581 00 00 00 00 00 00 00 00
0509 00 FF 00 00 00 00 FF 00
0508 00 04 B0 04 E8 03 B0 04
0509 00 FF 00 00 00 00 FF 00
0584 00 00 00 00 00 00 00 00
0510 00 FF 00 00 00 00 FF 00
0500 00 01 00 00 48 02 44 02
0581 00 00 00 00 00 00 00 00
0501 07 05 8C 00 FF FF 00 00
0508 00 04 B0 04 E8 03 B0 04
0510 00 FF 00 00 00 00 FF 00
0584 00 00 00 00 00 00 00 00
0509 00 FF 00 00 00 00 FF 00
0500 00 01 00 00 48 02 44 02
0581 00 00 00 00 00 00 00 00
0501 07 05 8C 00 FF FF 00 00
0508 00 04 B0 04 E8 03 B0 04
0509 00 FF 00 00 00 00 FF 00
0584 00 00 00 00 00 00 00 00
0510 00 FF 00 00 00 00 FF 00
0500 00 01 00 00 48 02 44 02
0581 00 00 00 00 00 00 00 00
0501 07 05 8C 00 FF FF 00 00
0508 00 04 B0 04 E8 03 B0 04
0509 00 FF 00 00 00 00 FF 00
0584 00 00 00 00 00 00 00 00
0510 00 FF 00 00 00 00 FF 00
0500 00 01 00 00 48 02 44 02
0581 00 00 00 00 00 00 00 00
0501 07 05 8C 00 FF FF 00 00
0508 00 0C B0 04 E8 03 B0 04
0509 00 F0 00 00 00 00 FF FF
0584 00 00 00 00 00 00 00 00
0510 00 F0 00 00 00 00 FF FF
0500 00 01 4F 00 48 02 44 02
0581 00 00 00 00 00 00 00 00
0501 07 05 8C 00 FF FF 00 00
0508 00 0C B0 04 E8 03 B0 04
0509 00 F0 00 00 00 00 FF FF
0584 00 00 00 00 00 00 00 00
0510 00 F0 00 00 00 00 FF FF
0500 00 01 4F 00 48 02 44 02
0581 00 00 00 00 00 00 00 00
0501 07 05 8C 00 FF FF 00 00
0508 00 0C B0 04 E8 03 B0 04
0509 00 F0 00 00 00 00 FF FF
0584 00 00 00 00 00 00 00 00
0510 00 F0 00 00 00 00 FF FF
0500 00 01 4F 00 48 02 44 02
0581 00 00 00 00 00 00 00 00
0501 07 05 8C 00 FF FF 00 00
0508 00 0C B0 04 E8 03 B0 04
0509 00 F0 00 00 00 00 FF FF
0584 00 00 00 00 00 00 00 00
0510 00 F0 00 00 00 00 FF FF
0500 00 01 4F 00 48 02 44 02
0581 00 00 00 00 00 00 00 00
0501 07 05 8C 00 FF FF 00 00
0508 00 0C B0 04 E8 03 B0 04
0510 00 F0 00 00 00 00 FF FF
0584 00 00 00 00 00 00 00 00
0509 00 F0 00 00 00 00 FF FF
0500 00 01 4F 00 48 02 44 02
0580 4E 49 55 00 00 00 00 00
0581 00 00 00 00 00 00 00 00
0508 00 0C B0 04 E8 03 B0 04
0509 00 F0 00 00 00 00 FF FF
0510 00 F0 00 00 00 00 FF FF
0584 00 00 00 00 00 00 00 00
0501 07 05 8C 00 FF FF 00 00
0500 00 01 4F 00 48 02 44 02
0581 00 00 00 00 00 00 00 00
0501 07 05 8C 00 FF FF 00 00
0508 00 0C B0 04 E8 03 B0 04
0510 00 F0 00 00 00 00 FF FF
0584 00 00 00 00 00 00 00 00
0509 00 F0 00 00 00 00 FF FF
0500 00 01 4F 00 48 02 44 02
0581 00 00 00 00 00 00 00 00
0501 07 05 8C 00 FF FF 00 00
0508 00 0C B0 04 E8 03 B0 04
0510 00 F0 00 00 00 00 FF FF
0584 00 00 00 00 00 00 00 00
0509 00 F0 00 00 00 00 FF FF
0500 00 01 4F 00 48 02 44 02
0581 00 00 00 00 00 00 00 00
0501 07 05 8C 00 FF FF 00 00
0508 00 0C B0 04 E8 03 B0 04
0510 00 F0 00 00 00 00 FF FF
0584 00 00 00 00 00 00 00 00
0509 00 F0 00 00 00 00 FF FF
0500 00 01 4F 00 48 02 44 02
0581 00 00 00 00 00 00 00 00
0508 00 0C B0 04 E8 03 B0 04
0510 00 F0 00 00 00 00 FF FF
0584 00 00 00 00 00 00 00 00
0501 07 05 8C 00 FF FF 00 00
0500 00 01 4F 00 48 02 44 02
0581 00 00 00 00 00 00 00 00
0508 00 0E B0 04 E8 03 B0 04
0510 00 F0 12 02 00 00 FF FF
0584 00 00 00 00 00 00 00 00
0501 07 05 8C 00 FF FF 00 00
0500 00 01 4F 00 48 02 44 02
0581 00 00 00 00 00 00 00 00
0508 00 0E B0 04 E8 03 B0 04
0510 00 F0 12 02 00 00 FF FF
0584 00 00 00 00 00 00 00 00
0501 07 05 8C 00 FF FF 00 00
0500 00 01 4F 00 48 02 44 02
0581 00 00 00 00 00 00 00 00
0509 00 F0 12 02 00 00 FF FF
0584 00 00 00 00 00 00 00 00
0501 07 05 8C 00 FF FF 00 00
0500 00 01 4F 00 48 02 44 02
0581 00 00 00 00 00 00 00 00
0509 00 F0 12 02 00 00 FF FF
0584 00 00 00 00 00 00 00 00
0501 07 05 8C 00 FF FF 00 00
0508 00 0E B0 04 E8 03 B0 04
0500 00 01 4F 00 48 02 44 02
0510 00 F0 12 02 00 00 FF FF
0584 00 00 00 00 00 00 00 00
0501 07 05 8C 00 FF FF 00 00
0508 00 0E B0 04 E8 03 B0 04
0581 00 00 00 00 00 00 00 00
0584 00 00 00 00 00 00 00 00
0509 00 F0 12 02 00 00 FF FF
0508 00 0E B0 04 E8 03 B0 04
0509 00 F0 12 02 00 00 FF FF
0510 00 F0 12 02 00 00 FF FF
0584 00 00 00 00 00 00 00 00
0500 00 01 4F 00 48 02 44 02
0508 00 0E B0 04 E8 03 B0 04
0509 00 F0 12 02 00 00 FF FF
0581 00 00 00 00 00 00 00 00
0584 00 00 00 00 00 00 00 00
0510 00 F0 12 02 00 00 FF FF
0508 00 0E B0 04 E8 03 B0 04
0509 00 F0 12 02 00 00 FF FF
0510 00 F0 12 02 00 00 FF FF
0584 00 00 00 00 00 00 00 00
0500 00 01 4F 00 48 02 44 02
0508 00 0E B0 04 E8 03 B0 04
0510 00 F0 12 02 00 00 FF FF
0584 00 00 00 00 00 00 00 00
0509 00 F0 12 02 00 00 FF FF
0508 00 0E B0 04 E8 03 B0 04
0509 00 F0 F4 01 00 00 FF FF
0584 00 00 00 00 00 00 00 00
0581 00 00 00 00 00 00 00 00
0510 00 F0 F4 01 00 00 FF FF
0508 00 0E B0 04 E8 03 B0 04
0509 00 F0 F4 01 00 00 FF FF
0584 00 00 00 00 00 00 00 00
0581 00 00 00 00 00 00 00 00
0510 00 F0 F4 01 00 00 FF FF
0508 00 0E B0 04 E8 03 B0 04
0510 00 F0 F4 01 00 00 FF FF
0584 00 00 00 00 00 00 00 00
0501 07 05 8C 00 FF FF 00 00
0581 00 00 00 00 00 00 00 00
0509 00 F0 F4 01 00 00 FF FF
0508 00 0E B0 04 E8 03 B0 04
0509 00 F0 F4 01 00 00 FF FF
0584 00 00 00 00 00 00 00 00
0500 00 01 4F 00 48 02 44 02
0581 00 00 00 00 00 00 00 00
0510 00 F0 F4 01 00 00 FF FF
0508 00 0E B0 04 E8 03 B0 04
0510 00 F0 F4 01 00 00 FF FF
0584 00 00 00 00 00 00 00 00
0500 00 01 4F 00 48 02 44 02
0581 00 00 00 00 00 00 00 00
0509 00 F0 F4 01 00 00 FF FF
0508 00 0E B0 04 E8 03 B0 04
0510 00 F0 F4 01 00 00 FF FF
0584 00 00 00 00 00 00 00 00
0509 00 F0 F4 01 00 00 FF FF
0500 00 01 4F 00 48 02 44 02
0581 00 00 00 00 00 00 00 00
0501 07 05 8C 00 FF FF 00 00
0508 00 0E B0 04 E8 03 B0 04
0510 00 F0 F4 01 00 00 FF FF
0584 00 00 00 00 00 00 00 00
0509 00 F0 F4 01 00 00 FF FF
0500 00 01 4F 00 48 02 44 02
0581 00 00 00 00 00 00 00 00
0501 07 05 8C 00 FF FF 00 00
0508 00 0E B0 04 E8 03 B0 04
0509 00 F0 F4 01 00 00 FF FF
0584 00 00 00 00 00 00 00 00
0510 00 F0 F4 01 00 00 FF FF
0500 00 01 4F 00 48 02 44 02
0581 00 00 00 00 00 00 00 00
0501 07 05 8C 00 FF FF 00 00
0508 00 0E B0 04 E8 03 B0 04
0509 00 F0 F4 01 00 00 FF FF
0584 00 00 00 00 00 00 00 00
0510 00 F0 F4 01 00 00 FF FF
0500 00 01 4F 00 48 02 44 02
0581 00 00 00 00 00 00 00 00
0501 07 05 8C 00 FF FF 00 00
0508 00 0E B0 04 E8 03 B0 04
0509 00 F0 F4 01 00 00 FF FF
0080
0584 00 00 00 00 00 00 00 00
0510 00 F0 F4 01 00 00 FF FF
0500 00 01 4F 00 48 02 44 02
0581 00 00 00 00 00 00 00 00
0501 07 05 8C 00 FF FF 00 00
0508 00 0E B0 04 E8 03 B0 04
0509 00 F0 EA 01 00 00 FF FF
0584 00 00 00 00 00 00 00 00
0510 00 F0 EA 01 00 00 FF FF
0500 00 01 4F 00 48 02 44 02
0581 00 00 00 00 00 00 00 00
0501 07 05 8C 00 FF FF 00 00
0508 00 0E B0 04 E8 03 B0 04
0509 00 F0 EA 01 00 00 FF FF
0584 00 00 00 00 00 00 00 00
0510 00 F0 EA 01 00 00 FF FF
0500 00 01 4F 00 48 02 44 02
0580 4E 49 55 00 00 00 00 00
0581 00 00 00 00 00 00 00 00
0501 07 05 8C 00 FF FF 00 00
0508 00 0E B0 04 E8 03 B0 04
0509 00 F0 EA 01 00 00 FF FF
0584 00 00 00 00 00 00 00 00
0510 00 F0 EA 01 00 00 FF FF
0500 00 01 4F 00 48 02 44 02
0581 00 00 00 00 00 00 00 00
0501 07 05 8C 00 FF FF 00 00
0508 00 0E B0 04 E8 03 B0 04
0509 00 F0 EA 01 00 00 FF FF
0584 00 00 00 00 00 00 00 00
0510 00 F0 EA 01 00 00 FF FF
0500 00 01 4F 00 48 02 44 02
0581 00 00 00 00 00 00 00 00
0501 07 05 8C 00 FF FF 00 00
0508 00 0E B0 04 E8 03 B0 04
0509 00 F0 EA 01 00 00 FF FF
0720 05
0584 00 00 00 00 00 00 00 00
0510 00 F0 EA 01 00 00 FF FF
0500 00 01 4F 00 48 02 44 02
0581 00 00 00 00 00 00 00 00
0501 07 05 8C 00 FF FF 00 00
0508 00 0E B0 04 E8 03 B0 04
0509 00 F0 EA 01 00 00 FF FF
0584 00 00 00 00 00 00 00 00
0510 00 F0 EA 01 00 00 FF FF
0500 00 01 4F 00 48 02 44 02
0581 00 00 00 00 00 00 00 00
0501 07 05 8C 00 FF FF 00 00
0508 00 0E B0 04 E8 03 B0 04
0509 00 F0 EA 01 00 00 FF FF
0584 00 00 00 00 00 00 00 00
0510 00 F0 EA 01 00 00 FF FF
0500 00 01 4F 00 48 02 44 02
0581 00 00 00 00 00 00 00 00
0501 07 05 8C 00 FF FF 00 00
0508 00 0E B0 04 E8 03 B0 04
0509 00 F0 EA 01 00 00 FF FF
0584 00 00 00 00 00 00 00 00
0510 00 F0 EA 01 00 00 FF FF
0500 00 01 4F 00 48 02 44 02
0580 4E 49 55 00 00 00 00 00
0581 00 00 00 00 00 00 00 00
0508 00 0E B0 04 E8 03 B0 04
0509 00 F0 EA 01 00 00 FF FF
0510 00 F0 EA 01 00 00 FF FF
0584 00 00 00 00 00 00 00 00
0501 07 05 8C 00 FF FF 00 00
0500 00 01 4F 00 48 02 44 02
0581 00 00 00 00 00 00 00 00
0508 00 0E B0 04 E8 03 B0 04
0509 00 F0 EA 01 00 00 FF FF
0510 00 F0 EA 01 00 00 FF FF
0584 00 00 00 00 00 00 00 00
0501 07 05 8C 00 FF FF 00 00
0500 00 01 4F 00 48 02 44 02
0581 00 00 00 00 00 00 00 00
0508 00 0E B0 04 E8 03 B0 04
0509 00 F0 EA 01 00 00 FF FF
0584 00 00 00 00 00 00 00 00
0501 07 05 8C 00 FF FF 00 00
0500 00 01 4F 00 48 02 44 02
0580 4E 49 55 00 00 00 00 00
0508 00 0E B0 04 E8 03 B0 04
0510 00 F0 EA 01 00 00 FF FF
0584 00 00 00 00 00 00 00 00
0501 07 05 8C 00 FF FF 00 00
0500 00 01 4F 00 48 02 44 02
0508 00 0E B0 04 E8 03 B0 04
0509 00 F0 EA 01 00 00 FF FF
0584 00 00 00 00 00 00 00 00
0501 07 05 8C 00 FF FF 00 00
0500 00 01 4F 00 48 02 44 02
0581 00 00 00 00 00 00 00 00
0509 00 F0 EA 01 00 00 FF FF
0584 00 00 00 00 00 00 00 00
0501 07 05 8C 00 FF FF 00 00
0508 00 0E B0 04 E8 03 B0 04
0500 00 01 4F 00 48 02 44 02
0510 00 F0 EA 01 00 00 FF FF
0584 00 00 00 00 00 00 00 00
0501 07 05 8C 00 FF FF 00 00
0508 00 0E B0 04 E8 03 B0 04
0509 00 F0 EA 01 00 00 FF FF
0510 00 F0 EA 01 00 00 FF FF
0584 00 00 00 00 00 00 00 00
0500 00 01 4F 00 48 02 44 02
0508 00 0E B0 04 E8 03 B0 04
0509 00 F0 EA 01 00 00 FF FF
0581 00 00 00 00 00 00 00 00
0584 00 00 00 00 00 00 00 00
0510 00 F0 EA 01 00 00 FF FF
0508 00 0E B0 04 E8 03 B0 04
0509 00 F0 EA 01 00 00 FF FF
0580 4E 49 55 00 00 00 00 00
0584 00 00 00 00 00 00 00 00
0510 00 F0 EA 01 00 00 FF FF
0508 00 0E B0 04 E8 03 B0 04
0509 00 F0 EA 01 00 00 FF FF
0581 00 00 00 00 00 00 00 00
0584 00 00 00 00 00 00 00 00
0510 00 F0 EA 01 00 00 FF FF
0508 00 0E B0 04 E8 03 B0 04
0509 00 F0 EA 01 00 00 FF FF
0080
0581 00 00 00 00 00 00 00 00
0510 00 F0 EA 01 00 00 FF FF
0508 00 0E B0 04 E8 03 B0 04
0510 00 F0 EA 01 00 00 FF FF
0584 00 00 00 00 00 00 00 00
0581 00 00 00 00 00 00 00 00
0509 00 F0 EA 01 00 00 FF FF
0508 00 0E B0 04 E8 03 B0 04
0509 00 F0 EA 01 00 00 FF FF
0584 00 00 00 00 00 00 00 00
0500 00 01 4F 00 48 02 44 02
0581 00 00 00 00 00 00 00 00
0510 00 F0 EA 01 00 00 FF FF
0508 00 0E B0 04 E8 03 B0 04
0509 00 F0 EA 01 00 00 FF FF
0584 00 00 00 00 00 00 00 00
0500 00 01 4E 00 48 02 44 02
0581 00 00 00 00 00 00 00 00
0510 00 F0 EA 01 00 00 FF FF
0508 00 0E B0 04 E8 03 B0 04
0509 00 F0 EA 01 00 00 FF FF
0584 00 00 00 00 00 00 00 00
0581 00 00 00 00 00 00 00 00
0510 00 F0 EA 01 00 00 FF FF
0508 00 0E B0 04 E8 03 B0 04
0509 00 F0 EA 01 00 00 FF FF
0720 05
0584 00 00 00 00 00 00 00 00
0581 00 00 00 00 00 00 00 00
0510 00 F0 EA 01 00 00 FF FF
0508 00 0E B0 04 E8 03 B0 04
0509 00 F0 EA 01 00 00 FF FF
0584 00 00 00 00 00 00 00 00
0510 00 F0 EA 01 00 00 FF FF
0500 00 01 4E 00 48 02 44 02
0581 00 00 00 00 00 00 00 00
0501 07 05 8C 00 FF FF 00 00
0508 00 0E B0 04 E8 03 B0 04
0509 00 F0 EA 01 00 00 FF FF
0584 00 00 00 00 00 00 00 00
0510 00 F0 EA 01 00 00 FF FF
0500 00 01 4E 00 48 02 44 02
0581 00 00 00 00 00 00 00 00
0501 07 05 8C 00 FF FF 00 00
0508 00 0E B0 04 E8 03 B0 04
0509 00 F0 EA 01 00 00 FF FF
0584 00 00 00 00 00 00 00 00
0510 00 F0 EA 01 00 00 FF FF
0500 00 01 4E 00 48 02 44 02
0581 00 00 00 00 00 00 00 00
0501 07 05 8C 00 FF FF 00 00
0508 00 0E B0 04 E8 03 B0 04
0509 00 F0 EA 01 00 00 FF FF
0584 00 00 00 00 00 00 00 00
0510 00 F0 EA 01 00 00 FF FF
0500 00 01 4E 00 48 02 44 02
0581 00 00 00 00 00 00 00 00
0501 07 05 8C 00 FF FF 00 00
0508 00 0E B0 04 E8 03 B0 04
0509 00 F0 EA 01 00 00 FF FF
0720 05
0584 00 00 00 00 00 00 00 00
0510 00 F0 EA 01 00 00 FF FF
0500 00 01 4E 00 48 02 44 02
0581 00 00 00 00 00 00 00 00
0501 07 05 8C 00 FF FF 00 00
0508 00 0E B0 04 E8 03 B0 04
0509 00 F0 EA 01 00 00 FF FF
0584 00 00 00 00 00 00 00 00
0510 00 F0 EA 01 00 00 FF FF
0500 00 01 4E 00 48 02 44 02
0580 4E 49 55 00 00 00 00 00
0581 00 00 00 00 00 00 00 00
0501 07 05 8C 00 FF FF 00 00
0508 00 0E B0 04 E8 03 B0 04
0509 00 F0 EA 01 00 00 FF FF
0584 00 00 00 00 00 00 00 00
0510 00 F0 EA 01 00 00 FF FF
0500 00 01 3C 00 48 02 44 02
0581 00 00 00 00 00 00 00 00
0501 07 05 8C 00 FF FF 00 00
0508 00 0E B0 04 E8 03 B0 04
0509 00 F0 EA 01 00 00 FF FF
0584 00 00 00 00 00 00 00 00
0510 00 F0 EA 01 00 00 FF FF
0500 00 01 3C 00 48 02 44 02
0581 00 00 00 00 00 00 00 00
0501 07 05 8C 00 FF FF 00 00
0508 00 0E B0 04 E8 03 B0 04
0509 00 F0 EA 01 00 00 FF FF
0584 00 00 00 00 00 00 00 00
0510 00 F0 EA 01 00 00 FF FF
0500 00 01 3C 00 48 02 44 02
0581 00 00 00 00 00 00 00 00
0501 07 05 8C 00 FF FF 00 00
0508 00 0E B0 04 E8 03 B0 04
0510 00 F0 EA 01 00 00 FF FF
0584 00 00 00 00 00 00 00 00
0509 00 F0 EA 01 00 00 FF FF
0500 00 01 3C 00 48 02 44 02
0581 00 00 00 00 00 00 00 00
0501 07 05 8C 00 FF FF 00 00
0508 00 0E B0 04 E8 03 B0 04
0509 00 F0 EA 01 00 00 FF FF
0584 00 00 00 00 00 00 00 00
0510 00 F0 EA 01 00 00 FF FF
0500 00 01 4F 00 48 02 44 02
0581 00 00 00 00 00 00 00 00
0501 07 05 8C 00 FF FF 00 00
0508 00 0E B0 04 E8 03 B0 04
0509 00 F0 EA 01 00 00 FF FF
0584 00 00 00 00 00 00 00 00
0510 00 F0 EA 01 00 00 FF FF
0500 00 01 4F 00 48 02 44 02
0581 00 00 00 00 00 00 00 00
0501 07 05 8C 00 FF FF 00 00
0508 00 0E B0 04 E8 03 B0 04
0509 00 F0 EA 01 00 00 FF FF
0584 00 00 00 00 00 00 00 00
0510 00 F0 EA 01 00 00 FF FF
0500 00 01 4F 00 48 02 44 02
0581 00 00 00 00 00 00 00 00
0501 07 05 8C 00 FF FF 00 00
0508 00 0E B0 04 E8 03 B0 04
0510 00 F0 EA 01 00 00 FF FF
0584 00 00 00 00 00 00 00 00
0509 00 F0 EA 01 00 00 FF FF
0500 00 01 4E 00 48 02 44 02
0581 00 00 00 00 00 00 00 00
0501 07 05 8C 00 FF FF 00 00
0508 00 0E B0 04 E8 03 B0 04
0510 00 F0 EA 01 00 00 FF FF
0584 00 00 00 00 00 00 00 00
0509 00 F0 EA 01 00 00 FF FF
0500 00 01 4E 00 48 02 44 02
0581 00 00 00 00 00 00 00 00
0508 00 0E B0 04 E8 03 B0 04
0509 00 F0 F4 01 46 00 FF FF
0510 00 F0 F4 01 46 00 FF FF
0584 00 00 00 00 00 00 00 00
0501 07 05 8C 00 FF FF 00 00
0500 00 01 4E 00 48 02 44 02
0581 00 00 00 00 00 00 00 00
0508 00 0E B0 04 E8 03 B0 04
0509 00 F0 F4 01 46 00 FF FF
0510 00 F0 F4 01 46 00 FF FF
0584 00 00 00 00 00 00 00 00
0501 07 05 8C 00 FF FF 00 00
0500 00 01 4E 00 48 02 44 02
0581 00 00 00 00 00 00 00 00
0508 00 0E B0 04 E8 03 B0 04
0510 00 F0 F4 01 46 00 FF FF
0584 00 00 00 00 00 00 00 00
0501 07 05 8C 00 FF FF 00 00
0500 00 01 4E 00 48 02 44 02
0581 00 00 00 00 00 00 00 00
0508 00 0E B0 04 E8 03 B0 04
0509 00 F0 F4 01 46 00 FF FF
0584 00 00 00 00 00 00 00 00
0501 07 05 8C 00 FF FF 00 00
0500 00 01 4F 00 48 02 44 02
0580 4E 49 55 00 00 00 00 00
0509 00 F0 F4 01 46 00 FF FF
0584 00 00 00 00 00 00 00 00
0501 07 05 8C 00 FF FF 00 00
0500 00 01 4F 00 48 02 44 02
0508 00 0E B0 04 E8 03 B0 04
0510 00 F0 F4 01 46 00 FF FF
0584 00 00 00 00 00 00 00 00
0501 07 05 8C 00 FF FF 00 00
0508 00 0E B0 04 E8 03 B0 04
0509 00 F0 F4 01 46 00 FF FF
0584 00 00 00 00 00 00 00 00
0500 00 01 50 00 48 02 44 02
0508 00 0E B0 04 E8 03 B0 04
0581 00 00 00 00 00 00 00 00
0510 00 F0 F4 01 46 00 FF FF
0584 00 00 00 00 00 00 00 00
0500 00 01 4F 00 48 02 44 02
0500 00 01 50 00 48 02 44 02
0581 00 00 00 00 00 00 00 00
0509 00 F0 F4 01 46 00 FF FF
0584 00 00 00 00 00 00 00 00
0501 07 05 8C 00 FF FF 00 00
0508 00 0E B0 04 E8 03 B0 04
0500 00 01 50 00 48 02 44 02
03A0 00 00 00 00 05 20 00 00
0584 00 00 00 00 00 00 00 00
0501 07 05 8C 00 FF FF 00 00
0508 00 0E B0 04 E8 03 B0 04
0500 00 01 50 00 48 02 44 02
0584 00 00 00 00 00 00 00 00
0509 00 F0 F4 01 46 00 FF FF
0508 00 0E B0 04 E8 03 B0 04
0509 00 F0 F4 01 46 00 FF FF
0581 00 00 00 00 00 00 00 00
0584 00 00 00 00 00 00 00 00
0500 00 01 50 00 48 02 44 02
0508 00 0E B0 04 E8 03 B0 04
0509 00 F0 F4 01 46 00 FF FF
0581 00 00 00 00 00 00 00 00
0584 00 00 00 00 00 00 00 00
0510 00 F0 F4 01 46 00 FF FF
0508 00 0E B0 04 E8 03 B0 04
0509 00 F0 F4 01 46 00 FF FF
0581 00 00 00 00 00 00 00 00
0584 00 00 00 00 00 00 00 00
0500 00 01 50 00 48 02 44 02
0508 00 0E B0 04 E8 03 B0 04
0509 00 F0 F4 01 46 00 FF FF
0720 05
0581 00 00 00 00 00 00 00 00
0510 00 F0 F4 01 46 00 FF FF
0508 00 0E B0 04 E8 03 B0 04
0509 00 F0 F4 01 46 00 FF FF
0584 00 00 00 00 00 00 00 00
0581 00 00 00 00 00 00 00 00
0510 00 F0 F4 01 46 00 FF FF
0508 00 0E B0 04 E8 03 B0 04
0509 00 F0 F4 01 46 00 FF FF
0584 00 00 00 00 00 00 00 00
0580 4E 49 55 00 00 00 00 00
0581 00 00 00 00 00 00 00 00
0510 00 F0 F4 01 46 00 FF FF
0508 00 0E B0 04 E8 03 B0 04
0509 00 F0 F4 01 46 00 FF FF
0584 00 00 00 00 00 00 00 00
0500 00 01 50 00 48 02 44 02
0581 00 00 00 00 00 00 00 00
0510 00 F0 F4 01 46 00 FF FF
0508 00 0E B0 04 E8 03 B0 04
0509 00 F0 F4 01 46 00 FF FF
0584 00 00 00 00 00 00 00 00
0581 00 00 00 00 00 00 00 00
0510 00 F0 F4 01 46 00 FF FF
0508 00 0E B0 04 E8 03 B0 04
0509 00 F0 F4 01 46 00 FF FF
03A0 00 00 00 00 05 20 00 00
0584 00 00 00 00 00 00 00 00
0581 00 00 00 00 00 00 00 00
0510 00 F0 F4 01 46 00 FF FF
0508 00 0E B0 04 E8 03 B0 04
0509 00 F0 F4 01 50 00 FF FF
0584 00 00 00 00 00 00 00 00
0510 00 F0 F4 01 50 00 FF FF
0500 00 01 50 00 48 02 44 02
0581 00 00 00 00 00 00 00 00
0501 07 05 8C 00 FF FF 00 00
0508 00 0E B0 04 E8 03 B0 04
0510 00 F0 F4 01 50 00 FF FF
0584 00 00 00 00 00 00 00 00
0509 00 F0 F4 01 50 00 FF FF
0500 00 01 51 00 48 02 44 02
0581 00 00 00 00 00 00 00 00
0501 07 05 8C 00 FF FF 00 00
0508 00 0E B0 04 E8 03 B0 04
0509 00 F0 F4 01 50 00 FF FF
0584 00 00 00 00 00 00 00 00
0510 00 F0 F4 01 50 00 FF FF
0500 00 01 51 00 48 02 44 02
0581 00 00 00 00 00 00 00 00
0501 07 05 8C 00 FF FF 00 00
0508 00 0E B0 04 E8 03 B0 04
0509 00 F0 F4 01 50 00 FF FF
0584 00 00 00 00 00 00 00 00
0510 00 F0 F4 01 50 00 FF FF
0500 00 01 51 00 48 02 44 02
0581 00 00 00 00 00 00 00 00
0501 07 05 8C 00 FF FF 00 00
0508 00 0E B0 04 E8 03 B0 04
0509 00 F0 F4 01 50 00 FF FF
0720 05
0584 00 00 00 00 00 00 00 00
0510 00 F0 F4 01 50 00 FF FF
0500 00 01 50 00 48 02 44 02
0581 00 00 00 00 00 00 00 00
0501 07 05 8C 00 FF FF 00 00
0508 00 0E B0 04 E8 03 B0 04
0509 00 F0 F4 01 50 00 FF FF
0584 00 00 00 00 00 00 00 00
0510 00 F0 F4 01 50 00 FF FF
0500 00 01 50 00 48 02 44 02
0581 00 00 00 00 00 00 00 00
0501 07 05 8C 00 FF FF 00 00
0508 00 0E B0 04 E8 03 B0 04
0509 00 F0 F4 01 50 00 FF FF
0584 00 00 00 00 00 00 00 00
0510 00 F0 F4 01 50 00 FF FF
0500 00 01 50 00 48 02 44 02
0581 00 00 00 00 00 00 00 00
0501 07 05 8C 00 FF FF 00 00
0508 00 0E B0 04 E8 03 B0 04
0509 00 F0 F4 01 50 00 FF FF
0584 00 00 00 00 00 00 00 00
0510 00 F0 F4 01 50 00 FF FF
0500 00 01 50 00 48 02 44 02
0581 00 00 00 00 00 00 00 00
0501 07 05 8C 00 FF FF 00 00
0508 00 0E B0 04 E8 03 B0 04
0509 00 F0 F4 01 50 00 FF FF
0584 00 00 00 00 00 00 00 00
0510 00 F0 F4 01 50 00 FF FF
0500 00 01 50 00 48 02 44 02
0581 00 00 00 00 00 00 00 00
0501 07 05 8C 00 FF FF 00 00
0508 00 0E B0 04 E8 03 B0 04
0510 00 F0 F4 01 50 00 FF FF
0584 00 00 00 00 00 00 00 00
0509 00 F0 F4 01 50 00 FF FF
0500 00 01 51 00 48 02 44 02
0502 00
0581 00 00 00 00 00 00 00 00
0501 07 05 8C 00 FF FF 00 00
0508 00 0E B0 04 E8 03 B0 04
0509 00 F0 F4 01 50 00 FF FF
0584 00 00 00 00 00 00 00 00
0510 00 F0 F4 01 50 00 FF FF
0500 00 01 52 00 48 02 44 02
0581 00 00 00 00 00 00 00 00
0501 07 05 8C 00 FF FF 00 00
0508 00 0E B0 04 E8 03 B0 04
0509 00 F0 F4 01 50 00 FF FF
0584 00 00 00 00 00 00 00 00
0510 00 F0 F4 01 50 00 FF FF
0500 00 01 52 00 48 02 44 02
0581 00 00 00 00 00 00 00 00
0501 07 05 8C 00 FF FF 00 00
0508 00 0E B0 04 E8 03 B0 04
0510 00 F0 F4 01 50 00 FF FF
0584 00 00 00 00 00 00 00 00
0509 00 F0 F4 01 50 00 FF FF
0500 00 01 52 00 48 02 44 02
0581 00 00 00 00 00 00 00 00
0501 07 05 8C 00 FF FF 00 00
0508 00 0E B0 04 E8 03 B0 04
0510 00 F0 F4 01 50 00 FF FF
0584 00 00 00 00 00 00 00 00
0509 00 F0 F4 01 50 00 FF FF
0500 00 01 51 00 48 02 44 02
0581 00 00 00 00 00 00 00 00
0508 00 0E B0 04 E8 03 B0 04
0509 00 F0 F4 01 50 00 FF FF
0720 05
0584 00 00 00 00 00 00 00 00
0501 07 05 8C 00 FF FF 00 00
0500 00 01 50 00 48 02 44 02
0581 00 00 00 00 00 00 00 00
0508 00 0E B0 04 E8 03 B0 04
0509 00 F0 F4 01 50 00 FF FF
0510 00 F0 F4 01 50 00 FF FF
0584 00 00 00 00 00 00 00 00
0501 07 05 8C 00 FF FF 00 00
0500 00 01 50 00 48 02 44 02
0581 00 00 00 00 00 00 00 00
0508 00 0E B0 04 E8 03 B0 04
0510 00 F0 F4 01 50 00 FF FF
0584 00 00 00 00 00 00 00 00
0501 07 05 8C 00 FF FF 00 00
0500 00 01 50 00 48 02 44 02
0581 00 00 00 00 00 00 00 00
0508 00 0E B0 04 E8 03 B0 04
0510 00 F0 F4 01 50 00 FF FF
0584 00 00 00 00 00 00 00 00
0501 07 05 8C 00 FF FF 00 00
0500 00 01 51 00 48 02 44 02
0581 00 00 00 00 00 00 00 00
0508 00 0E B0 04 E8 03 B0 04
0510 00 F0 F4 01 50 00 FF FF
0584 00 00 00 00 00 00 00 00
0501 07 05 8C 00 FF FF 00 00
0500 00 01 52 00 48 02 44 02
0581 00 00 00 00 00 00 00 00
0509 00 F0 F4 01 50 00 FF FF
0584 00 00 00 00 00 00 00 00
0501 07 05 8C 00 FF FF 00 00
0500 00 01 52 00 48 02 44 02
0581 00 00 00 00 00 00 00 00
0510 00 F0 F4 01 50 00 FF FF
0584 00 00 00 00 00 00 00 00
0501 07 05 8C 00 FF FF 00 00
0508 00 0E B0 04 E8 03 B0 04
0581 00 00 00 00 00 00 00 00
0510 00 F0 F4 01 50 00 FF FF
0584 00 00 00 00 00 00 00 00
0500 00 01 52 00 48 02 44 02
0508 00 0E B0 04 E8 03 B0 04
0500 00 01 52 00 48 02 44 02
0510 00 F0 F4 01 50 00 FF FF
0584 00 00 00 00 00 00 00 00
0509 00 F0 F4 01 50 00 FF FF
0508 00 0E B0 04 E8 03 B0 04
0581 00 00 00 00 00 00 00 00
0510 00 F0 F4 01 50 00 FF FF
0584 00 00 00 00 00 00 00 00
0500 00 01 52 00 48 02 44 02
0508 00 0E B0 04 E8 03 B0 04
0509 00 F0 F4 01 50 00 FF FF
0580 4E 49 55 00 00 00 00 00
0584 00 00 00 00 00 00 00 00
0500 00 01 52 00 48 02 44 02
0508 00 0E B0 04 E8 03 B0 04
0510 00 F0 F4 01 50 00 FF FF
0584 00 00 00 00 00 00 00 00
0509 00 F0 F4 01 50 00 FF FF
0508 00 0E B0 04 E8 03 B0 04
0509 00 F0 F4 01 50 00 FF FF
0500 00 01 52 00 48 02 44 02
0584 00 00 00 00 00 00 00 00
0510 00 F0 F4 01 50 00 FF FF
0508 00 0E B0 04 E8 03 B0 04
0509 00 F0 F4 01 50 00 FF FF
0584 00 00 00 00 00 00 00 00
0581 00 00 00 00 00 00 00 00
0510 00 F0 F4 01 50 00 FF FF
0508 00 0E B0 04 E8 03 B0 04
0509 00 F0 F4 01 50 00 FF FF
0500 00 01 53 00 48 02 44 02
0584 00 00 00 00 00 00 00 00
0510 00 F0 F4 01 50 00 FF FF
0508 00 0E B0 04 E8 03 B0 04
0509 00 F0 F4 01 50 00 FF FF
03A0 00 00 00 00 05 20 00 00
0581 00 00 00 00 00 00 00 00
0510 00 F0 F4 01 50 00 FF FF
0508 00 0E B0 04 E8 03 B0 04
0509 00 F0 F4 01 50 00 FF FF
0584 00 00 00 00 00 00 00 00
0500 00 01 52 00 48 02 44 02
0581 00 00 00 00 00 00 00 00
0510 00 F0 F4 01 50 00 FF FF
0508 00 0E B0 04 E8 03 B0 04
0509 00 F0 F4 01 50 00 FF FF
0584 00 00 00 00 00 00 00 00
0500 00 01 52 00 48 02 44 02
0581 00 00 00 00 00 00 00 00
0510 00 F0 F4 01 50 00 FF FF
0508 00 0E B0 04 E8 03 B0 04
0509 00 F0 F4 01 50 00 FF FF
0584 00 00 00 00 00 00 00 00
0500 00 01 52 00 48 02 44 02
0581 00 00 00 00 00 00 00 00
0510 00 F0 F4 01 50 00 FF FF
0508 00 0E B0 04 E8 03 B0 04
0509 00 F0 F4 01 50 00 FF FF
0584 00 00 00 00 00 00 00 00
0500 00 01 52 00 48 02 44 02
0581 00 00 00 00 00 00 00 00
0510 00 F0 F4 01 50 00 FF FF
0508 00 0E B0 04 E8 03 B0 04
0509 00 F0 F4 01 50 00 FF FF
0720 05
0584 00 00 00 00 00 00 00 00
0500 00 01 52 00 48 02 44 02
0581 00 00 00 00 00 00 00 00
0510 00 F0 F4 01 50 00 FF FF
0508 00 0E B0 04 E8 03 B0 04
0510 00 F0 F4 01 50 00 FF FF
0584 00 00 00 00 00 00 00 00
0509 00 F0 F4 01 50 00 FF FF
0500 00 01 53 00 48 02 44 02
0581 00 00 00 00 00 00 00 00
0501 07 05 8C 00 FF FF 00 00
0508 00 0E B0 04 E8 03 B0 04
0509 00 F0 F4 01 50 00 FF FF
0584 00 00 00 00 00 00 00 00
0510 00 F0 F4 01 50 00 FF FF
0500 00 01 52 00 48 02 44 02
0581 00 00 00 00 00 00 00 00
0501 07 05 8C 00 FF FF 00 00
0508 00 0E B0 04 E8 03 B0 04
0509 00 F0 F4 01 50 00 FF FF
0584 00 00 00 00 00 00 00 00
0510 00 F0 F4 01 50 00 FF FF
0500 00 01 52 00 48 02 44 02
0581 00 00 00 00 00 00 00 00
0501 07 05 8C 00 FF FF 00 00
0508 00 0E B0 04 E8 03 B0 04
0510 00 F0 F4 01 50 00 FF FF
0584 00 00 00 00 00 00 00 00
0509 00 F0 F4 01 50 00 FF FF
0500 00 01 52 00 48 02 44 02
0581 00 00 00 00 00 00 00 00
0501 07 05 8C 00 FF FF 00 00
0508 00 0E B0 04 E8 03 B0 04
0509 00 F0 F4 01 50 00 FF FF
0080
0584 00 00 00 00 00 00 00 00
0510 00 F0 F4 01 50 00 FF FF
0500 00 01 52 00 48 02 44 02
0581 00 00 00 00 00 00 00 00
0501 07 05 8C 00 FF FF 00 00
0508 00 0E B0 04 E8 03 B0 04
0510 00 F0 F4 01 50 00 FF FF
0584 00 00 00 00 00 00 00 00
0509 00 F0 F4 01 50 00 FF FF
0500 00 01 54 00 48 02 44 02
0581 00 00 00 00 00 00 00 00
0501 07 05 8C 00 FF FF 00 00
0508 00 0E B0 04 E8 03 B0 04
0509 00 F0 F4 01 50 00 FF FF
0584 00 00 00 00 00 00 00 00
0510 00 F0 F4 01 50 00 FF FF
0500 00 01 53 00 48 02 44 02
0581 00 00 00 00 00 00 00 00
0501 07 05 8C 00 FF FF 00 00
0508 00 0E B0 04 E8 03 B0 04
0509 00 F0 F4 01 50 00 FF FF
0584 00 00 00 00 00 00 00 00
0510 00 F0 F4 01 50 00 FF FF
0500 00 01 53 00 48 02 44 02
0581 00 00 00 00 00 00 00 00
0501 07 05 8C 00 FF FF 00 00
0508 00 0E B0 04 E8 03 B0 04
0509 00 F0 F4 01 50 00 FF FF
0584 00 00 00 00 00 00 00 00
0510 00 F0 F4 01 50 00 FF FF
0500 00 01 54 00 48 02 44 02
0581 00 00 00 00 00 00 00 00
0501 07 05 8C 00 FF FF 00 00
0508 00 0E B0 04 E8 03 B0 04
0509 00 F0 F4 01 50 00 FF FF
0720 05
0584 00 00 00 00 00 00 00 00
0510 00 F0 F4 01 50 00 FF FF
0500 00 01 53 00 48 02 44 02
0581 00 00 00 00 00 00 00 00
0501 07 05 8C 00 FF FF 00 00
0508 00 0E B0 04 E8 03 B0 04
0509 00 F0 F4 01 50 00 FF FF
0584 00 00 00 00 00 00 00 00
0510 00 F0 F4 01 50 00 FF FF
0500 00 01 53 00 48 02 44 02
0581 00 00 00 00 00 00 00 00
0501 07 05 8C 00 FF FF 00 00
0508 00 0E B0 04 E8 03 B0 04
0509 00 F0 F4 01 50 00 FF FF
0584 00 00 00 00 00 00 00 00
0510 00 F0 F4 01 50 00 FF FF
0500 00 01 53 00 48 02 44 02
0581 00 00 00 00 00 00 00 00
0501 07 05 8C 00 FF FF 00 00
0508 00 0E B0 04 E8 03 B0 04
0509 00 F0 F4 01 50 00 FF FF
0584 00 00 00 00 00 00 00 00
0510 00 F0 F4 01 50 00 FF FF
0500 00 01 53 00 48 02 44 02
0581 00 00 00 00 00 00 00 00
0501 07 05 8C 00 FF FF 00 00
0508 00 0E B0 04 E8 03 B0 04
0509 00 F0 F4 01 50 00 FF FF
0584 00 00 00 00 00 00 00 00
0510 00 F0 F4 01 50 00 FF FF
0500 00 01 53 00 48 02 44 02
0581 00 00 00 00 00 00 00 00
0501 07 05 8C 00 FF FF 00 00
0508 00 0E B0 04 E8 03 B0 04
0510 00 F0 F4 01 50 00 FF FF
0584 00 00 00 00 00 00 00 00
0509 00 F0 F4 01 50 00 FF FF
0500 00 01 53 00 48 02 44 02
0581 00 00 00 00 00 00 00 00
0501 07 05 8C 00 FF FF 00 00
0508 00 0E B0 04 E8 03 B0 04
0510 00 F0 F4 01 50 00 FF FF
0584 00 00 00 00 00 00 00 00
0509 00 F0 F4 01 50 00 FF FF
0500 00 01 53 00 48 02 44 02
0581 00 00 00 00 00 00 00 00
0501 07 05 8C 00 FF FF 00 00
0508 00 0E B0 04 E8 03 B0 04
0510 00 F0 F4 01 50 00 FF FF
0584 00 00 00 00 00 00 00 00
0509 00 F0 F4 01 50 00 FF FF
0500 00 01 53 00 48 02 44 02
0581 00 00 00 00 00 00 00 00
0501 07 05 8C 00 FF FF 00 00
0508 00 0E B0 04 E8 03 B0 04
0510 00 F0 F4 01 50 00 FF FF
0584 00 00 00 00 00 00 00 00
0509 00 F0 F4 01 50 00 FF FF
0500 00 01 51 00 48 02 44 02
0581 00 00 00 00 00 00 00 00
0508 00 0E B0 04 E8 03 B0 04
0509 00 F0 F4 01 50 00 FF FF
0510 00 F0 F4 01 50 00 FF FF
0584 00 00 00 00 00 00 00 00
0501 07 05 8C 00 FF FF 00 00
0500 00 01 51 00 48 02 44 02
0581 00 00 00 00 00 00 00 00
0508 00 0E B0 04 E8 03 B0 04
0720 05
0584 00 00 00 00 00 00 00 00
0501 07 05 8C 00 FF FF 00 00
0500 00 01 51 00 48 02 44 02
0581 00 00 00 00 00 00 00 00
0508 00 0E B0 04 E8 03 B0 04
0510 00 F0 F4 01 50 00 FF FF
0584 00 00 00 00 00 00 00 00
0501 07 05 8C 00 FF FF 00 00
0500 00 01 51 00 48 02 44 02
0581 00 00 00 00 00 00 00 00
0509 00 F0 F4 01 50 00 FF FF
0584 00 00 00 00 00 00 00 00
0501 07 05 8C 00 FF FF 00 00
0500 00 01 53 00 48 02 44 02
0581 00 00 00 00 00 00 00 00
0510 00 F0 F4 01 50 00 FF FF
0584 00 00 00 00 00 00 00 00
0501 07 05 8C 00 FF FF 00 00
0500 00 01 53 00 48 02 44 02
0508 00 0E B0 04 E8 03 B0 04
0510 00 F0 F4 01 50 00 FF FF
0584 00 00 00 00 00 00 00 00
0501 07 05 8C 00 FF FF 00 00
0508 00 0E B0 04 E8 03 B0 04
0581 00 00 00 00 00 00 00 00
0584 00 00 00 00 00 00 00 00
0500 00 01 53 00 48 02 44 02
0508 00 0E B0 04 E8 03 B0 04
0509 00 F0 F4 01 50 00 FF FF
0510 00 F0 F4 01 50 00 FF FF
0584 00 00 00 00 00 00 00 00
0500 00 01 53 00 48 02 44 02
0508 00 0E B0 04 E8 03 B0 04
0580 4E 49 55 00 00 00 00 00
0584 00 00 00 00 00 00 00 00
0509 00 F0 F4 01 50 00 FF FF
0508 00 0E B0 04 E8 03 B0 04
0509 00 F0 F4 01 50 00 FF FF
0581 00 00 00 00 00 00 00 00
0584 00 00 00 00 00 00 00 00
0500 00 01 52 00 48 02 44 02
0508 00 0E B0 04 E8 03 B0 04
0509 00 F0 F4 01 50 00 FF FF
0510 00 F0 F4 01 50 00 FF FF
0584 00 00 00 00 00 00 00 00
0500 00 01 52 00 48 02 44 02
0508 00 0E B0 04 E8 03 B0 04
0510 00 F0 F4 01 50 00 FF FF
0584 00 00 00 00 00 00 00 00
0509 00 F0 F4 01 50 00 FF FF
0508 00 0E B0 04 E8 03 B0 04
0510 00 F0 F4 01 50 00 FF FF
0581 00 00 00 00 00 00 00 00
0509 00 F0 F4 01 50 00 FF FF
0508 00 0E B0 04 E8 03 B0 04
0509 00 F0 F4 01 50 00 FF FF
0584 00 00 00 00 00 00 00 00
0581 00 00 00 00 00 00 00 00
0510 00 F0 F4 01 50 00 FF FF
0508 00 0E B0 04 E8 03 B0 04
0509 00 F0 F4 01 50 00 FF FF
0584 00 00 00 00 00 00 00 00
0500 00 01 53 00 48 02 44 02
0581 00 00 00 00 00 00 00 00
0510 00 F0 F4 01 50 00 FF FF
0508 00 0E B0 04 E8 03 B0 04
0509 00 F0 F4 01 50 00 FF FF
0584 00 00 00 00 00 00 00 00
0581 00 00 00 00 00 00 00 00
0510 00 F0 F4 01 50 00 FF FF
0508 00 0E B0 04 E8 03 B0 04
0509 00 F0 F4 01 50 00 FF FF
0720 05
0584 00 00 00 00 00 00 00 00
0581 00 00 00 00 00 00 00 00
0510 00 F0 F4 01 50 00 FF FF
0508 00 0E B0 04 E8 03 B0 04
0510 00 F0 F4 01 50 00 FF FF
0584 00 00 00 00 00 00 00 00
0509 00 F0 F4 01 50 00 FF FF
0500 00 01 52 00 48 02 44 02
0581 00 00 00 00 00 00 00 00
0501 07 05 8C 00 FF FF 00 00
0508 00 0E B0 04 E8 03 B0 04
0510 00 F0 F4 01 50 00 FF FF
0584 00 00 00 00 00 00 00 00
0509 00 F0 F4 01 50 00 FF FF
0500 00 01 52 00 48 02 44 02
0581 00 00 00 00 00 00 00 00
0501 07 05 8C 00 FF FF 00 00
0508 00 0E B0 04 E8 03 B0 04
0510 00 F0 F4 01 50 00 FF FF
0584 00 00 00 00 00 00 00 00
0509 00 F0 F4 01 50 00 FF FF
0500 00 01 52 00 48 02 44 02
0581 00 00 00 00 00 00 00 00
0501 07 05 8C 00 FF FF 00 00
0508 00 0E B0 04 E8 03 B0 04
0509 00 F0 F4 01 50 00 FF FF
0584 00 00 00 00 00 00 00 00
0510 00 F0 F4 01 50 00 FF FF
0500 00 01 53 00 48 02 44 02
0581 00 00 00 00 00 00 00 00
0501 07 05 8C 00 FF FF 00 00
0508 00 0E B0 04 E8 03 B0 04
0509 00 F0 F4 01 50 00 FF FF
0720 05
0584 00 00 00 00 00 00 00 00
0510 00 F0 F4 01 50 00 FF FF
0500 00 01 54 00 48 02 44 02
0581 00 00 00 00 00 00 00 00
0501 07 05 8C 00 FF FF 00 00
0508 00 0E B0 04 E8 03 B0 04
0509 00 F0 F4 01 50 00 FF FF
0584 00 00 00 00 00 00 00 00
0510 00 F0 F4 01 50 00 FF FF
0500 00 01 53 00 48 02 44 02
0581 00 00 00 00 00 00 00 00
0501 07 05 8C 00 FF FF 00 00
0508 00 0E B0 04 E8 03 B0 04
0509 00 F0 F4 01 50 00 FF FF
0584 00 00 00 00 00 00 00 00
0510 00 F0 F4 01 50 00 FF FF
0500 00 01 54 00 48 02 44 02
0581 00 00 00 00 00 00 00 00
0501 07 05 8C 00 FF FF 00 00
0508 00 0E B0 04 E8 03 B0 04
0509 00 F0 F4 01 50 00 FF FF
0584 00 00 00 00 00 00 00 00
0510 00 F0 F4 01 50 00 FF FF
0500 00 01 54 00 48 02 44 02
0581 00 00 00 00 00 00 00 00
0501 07 05 8C 00 FF FF 00 00
0508 00 0E B0 04 E8 03 B0 04
0510 00 F0 F4 01 50 00 FF FF
0584 00 00 00 00 00 00 00 00
0509 00 F0 F4 01 50 00 FF FF
0500 00 01 54 00 48 02 44 02
0581 00 00 00 00 00 00 00 00
0501 07 05 8C 00 FF FF 00 00
0508 00 0E B0 04 E8 03 B0 04
0509 00 F0 F4 01 50 00 FF FF
0080
0584 00 00 00 00 00 00 00 00
0510 00 F0 F4 01 50 00 FF FF
0500 00 01 54 00 48 02 44 02
0581 00 00 00 00 00 00 00 00
0501 07 05 8C 00 FF FF 00 00
0508 00 0E B0 04 E8 03 B0 04
0510 00 F0 F4 01 50 00 FF FF
0584 00 00 00 00 00 00 00 00
0509 00 F0 F4 01 50 00 FF FF
0500 00 01 54 00 48 02 44 02
0581 00 00 00 00 00 00 00 00
0501 07 05 8C 00 FF FF 00 00
0508 00 0E B0 04 E8 03 B0 04
0509 00 F0 F4 01 50 00 FF FF
0584 00 00 00 00 00 00 00 00
0510 00 F0 F4 01 50 00 FF FF
0500 00 01 54 00 48 02 44 02
0581 00 00 00 00 00 00 00 00
0501 07 05 8C 00 FF FF 00 00
0508 00 0E B0 04 E8 03 B0 04
0509 00 F0 F4 01 50 00 FF FF
0584 00 00 00 00 00 00 00 00
0510 00 F0 F4 01 50 00 FF FF
0500 00 01 56 00 48 02 44 02
0581 00 00 00 00 00 00 00 00
0501 07 05 8C 00 FF FF 00 00
0508 00 0E B0 04 E8 03 B0 04
0509 00 F0 F4 01 50 00 FF FF
0584 00 00 00 00 00 00 00 00
0510 00 F0 F4 01 50 00 FF FF
0500 00 01 56 00 48 02 44 02
0581 00 00 00 00 00 00 00 00
0508 00 0E B0 04 E8 03 B0 04
0509 00 F0 F4 01 50 00 FF FF
0720 05
0584 00 00 00 00 00 00 00 00
0501 07 05 8C 00 FF FF 00 00
0500 00 01 55 00 48 02 44 02
0581 00 00 00 00 00 00 00 00
0508 00 0E B0 04 E8 03 B0 04
0510 00 F0 F4 01 50 00 FF FF
0584 00 00 00 00 00 00 00 00
0501 07 05 8C 00 FF FF 00 00
0500 00 01 55 00 48 02 44 02
0581 00 00 00 00 00 00 00 00
0509 00 F0 F4 01 50 00 FF FF
0584 00 00 00 00 00 00 00 00
0501 07 05 8C 00 FF FF 00 00
0500 00 01 55 00 48 02 44 02
0581 00 00 00 00 00 00 00 00
0509 00 F0 F4 01 50 00 FF FF
0584 00 00 00 00 00 00 00 00
0501 07 05 8C 00 FF FF 00 00
0500 00 01 55 00 48 02 44 02
0581 00 00 00 00 00 00 00 00
0509 00 F0 F4 01 50 00 FF FF
0584 00 00 00 00 00 00 00 00
0501 07 05 8C 00 FF FF 00 00
0500 00 01 54 00 48 02 44 02
0509 00 F0 F4 01 50 00 FF FF
0584 00 00 00 00 00 00 00 00
0501 07 05 8C 00 FF FF 00 00
0508 00 0E B0 04 E8 03 B0 04
0581 00 00 00 00 00 00 00 00
0510 00 F0 F4 01 50 00 FF FF
0584 00 00 00 00 00 00 00 00
0500 00 01 55 00 48 02 44 02
0508 00 0E B0 04 E8 03 B0 04
0500 00 01 55 00 48 02 44 02
0510 00 F0 F4 01 50 00 FF FF
0584 00 00 00 00 00 00 00 00
0501 07 05 8C 00 FF FF 00 00
0508 00 0E B0 04 E8 03 B0 04
0509 00 F0 F4 01 50 00 FF FF
0584 00 00 00 00 00 00 00 00
0500 00 01 54 00 48 02 44 02
0500 00 01 54 00 48 02 44 02
0581 00 00 00 00 00 00 00 00
0510 00 F0 F4 01 50 00 FF FF
0584 00 00 00 00 00 00 00 00
0501 07 05 8C 00 FF FF 00 00
0508 00 0E B0 04 E8 03 B0 04
0581 00 00 00 00 00 00 00 00
0584 00 00 00 00 00 00 00 00
0509 00 F0 F4 01 50 00 FF FF
0508 00 0E B0 04 E8 03 B0 04
0509 00 F0 F4 01 50 00 FF FF
0581 00 00 00 00 00 00 00 00
0584 00 00 00 00 00 00 00 00
0500 00 01 54 00 48 02 44 02
0508 00 0E B0 04 E8 03 B0 04
0509 00 F0 F4 01 50 00 FF FF
0581 00 00 00 00 00 00 00 00
0584 00 00 00 00 00 00 00 00
0510 00 F0 F4 01 50 00 FF FF
0508 00 0E B0 04 E8 03 B0 04
0509 00 F0 F4 01 50 00 FF FF
0500 00 01 54 00 48 02 44 02
0584 00 00 00 00 00 00 00 00
0510 00 F0 F4 01 50 00 FF FF
0508 00 0E B0 04 E8 03 B0 04
0509 00 F0 F4 01 50 00 FF FF
0581 00 00 00 00 00 00 00 00
0584 00 00 00 00 00 00 00 00
0510 00 F0 F4 01 50 00 FF FF
0508 00 0E B0 04 E8 03 B0 04
0510 00 F0 F4 01 50 00 FF FF
0581 00 00 00 00 00 00 00 00
0509 00 F0 F4 01 50 00 FF FF
0508 00 0E B0 04 E8 03 B0 04
0510 00 F0 F4 01 50 00 FF FF
0584 00 00 00 00 00 00 00 00
0581 00 00 00 00 00 00 00 00
0509 00 F0 F4 01 50 00 FF FF
0508 00 0E B0 04 E8 03 B0 04
0510 00 F0 F4 01 50 00 FF FF
0584 00 00 00 00 00 00 00 00
0580 4E 49 55 00 00 00 00 00
0581 00 00 00 00 00 00 00 00
0509 00 F0 F4 01 50 00 FF FF
0508 00 0E B0 04 E8 03 B0 04
0509 00 F0 F4 01 50 00 FF FF
0584 00 00 00 00 00 00 00 00
0500 00 01 54 00 48 02 44 02
0581 00 00 00 00 00 00 00 00
0510 00 F0 F4 01 50 00 FF FF
0508 00 0E B0 04 E8 03 B0 04
0509 00 F0 F4 01 50 00 FF FF
0584 00 00 00 00 00 00 00 00
0500 00 01 54 00 48 02 44 02
0581 00 00 00 00 00 00 00 00
0510 00 F0 F4 01 50 00 FF FF
0508 00 0E B0 04 E8 03 B0 04
0509 00 F0 F4 01 50 00 FF FF
0720 05
0584 00 00 00 00 00 00 00 00
0500 00 01 54 00 48 02 44 02
0581 00 00 00 00 00 00 00 00
0510 00 F0 F4 01 50 00 FF FF
0508 00 0E B0 04 E8 03 B0 04
0509 00 F0 F4 01 50 00 FF FF
0584 00 00 00 00 00 00 00 00
0510 00 F0 F4 01 50 00 FF FF
0500 00 01 53 00 48 02 44 02
0581 00 00 00 00 00 00 00 00
0501 07 05 8C 00 FF FF 00 00